D,6,9,14,24,25,79,83,96,97,98,100,102,103,177,288,290,293,D|
C,11,39,45,54,117,118,119,120,121,122,123,178,180,296,297,298,299,300,301,302,303,304,305,306,307,308,309,C|
B,32,46,56,57,59,125,127,129,131,186,B|
A,48,61,63,65,132,133,134,A|
S,31,67,68,189,S|
SS,36,72,73,164,SS                  Weapons
#############################################
D,8,16,53,90,99,137,176,289,291,294,D|
C,43,44,55,138,182,295,310,311,312,313,314,315,316,317,C|
B,47,58,60,124,139,140,141,183,238,B|
A,29,62,64,142,A|
S,50,66,69,143,191,S|
SS,51,70,71,SS                      Defense
#############################################
D,41,85,284,285,287,D|
C,10,181,318,319,320,321,322,323,C|
B,20,21,22,23,126,127,130,B|
A,49,49,A|
S,33,135,162,S|
SS,34,136,SS                        Tools